
  Columns 1 through 5

        3973        4256        4210        4089        4060
        4106        4215        4290        4235        4297
        4014        4254        4318        4297        4240
        4141        4278        4319        4287        4212
        3980        4278        4288        4294        4273
        4168        4279        4279        4294        4260
        4164        4247        4303        4299        4304
        4080        4234        4307        4310        4311
        4242        4235        4327        4304        4327
        4274        4183        4310        4316        4299
        4263        4242        4304        4312        4288
        4192        4217        4296        4308        4305
        4204        4250        4315        4287        4306
        4270        4240        4310        4259        4148
        4076        4314        4137        4238        4223

  Columns 6 through 10

        4166        4281        4235        4260        4202
        4294        4295        4318        4250        4300
        4315        4288        4295        4282        4271
        4311        4251        4287        4164        4317
        4200        4304        4304        4272        4325
        4284        4287        4297        4279        4312
        4304        4312        4295        4296        4294
        4328        4316        4308        4301        4297
        4324        4290        4317        4305        4285
        4288        4311        4320        4281        4304
        4243        4311        4302        4306        4306
        4260        4291        4305        4301        4286
        4286        4307        4306        4300        4261
        4303        4299        4302        4313        4281
        4222        4259        4267        4305        4312

  Columns 11 through 12

        4212        3787
        4292        4076
        4302        4053
        4304        4120
        4295        3836
        4310        4220
        4321        4205
        4163        4268
        4313        4246
        4292        4133
        4315        4224
        4254        4079
        4304        4148
        4289        4246
        4259        4081

  Columns 1 through 10

   181   193   191   186   185   189   195   193   194   191
   187   192   195   193   195   195   195   196   193   195
   182   193   196   195   193   196   195   195   195   194
   188   194   196   195   191   196   193   195   189   196
   181   194   195   195   194   191   196   196   194   197
   189   195   195   195   194   195   195   195   195   196
   189   193   196   195   196   196   196   195   195   195
   185   192   196   196   196   197   196   196   196   195
   193   193   197   196   197   197   195   196   196   195
   194   190   196   196   195   195   196   196   195   196
   194   193   196   196   195   193   196   196   196   196
   191   192   195   196   196   194   195   196   196   195
   191   193   196   195   196   195   196   196   195   194
   194   193   196   194   189   196   195   196   196   195
   185   196   188   193   192   192   194   194   196   196

  Columns 11 through 12

   191   172
   195   185
   196   184
   196   187
   195   174
   196   192
   196   191
   189   194
   196   193
   195   188
   196   192
   193   185
   196   189
   195   193
   194   186


K map made, now testing begins

Processing  1_test.jpg
...............
PSNR for Bicubic:  26.238716 dB
PSNR for TLcR:     29.869858 dB
SSIM for Bicubic:  0.838146 dB
SSIM for TLcR:     0.904709 dB

Processing  2_test.jpg
...............
PSNR for Bicubic:  26.630197 dB
PSNR for TLcR:     30.104695 dB
SSIM for Bicubic:  0.835931 dB
SSIM for TLcR:     0.898144 dB

Processing  3_test.jpg
...............
PSNR for Bicubic:  28.370543 dB
PSNR for TLcR:     32.397730 dB
SSIM for Bicubic:  0.846163 dB
SSIM for TLcR:     0.907236 dB

Processing  4_test.jpg
...............
PSNR for Bicubic:  28.538243 dB
PSNR for TLcR:     32.461432 dB
SSIM for Bicubic:  0.837492 dB
SSIM for TLcR:     0.902793 dB

Processing  5_test.jpg
...............
PSNR for Bicubic:  25.557167 dB
PSNR for TLcR:     29.197905 dB
SSIM for Bicubic:  0.845783 dB
SSIM for TLcR:     0.906001 dB

Processing  6_test.jpg
...............
PSNR for Bicubic:  25.439425 dB
PSNR for TLcR:     28.616940 dB
SSIM for Bicubic:  0.829885 dB
SSIM for TLcR:     0.889539 dB

Processing  7_test.jpg
...............
PSNR for Bicubic:  28.091128 dB
PSNR for TLcR:     29.781840 dB
SSIM for Bicubic:  0.870647 dB
SSIM for TLcR:     0.893846 dB

Processing  8_test.jpg
...............
PSNR for Bicubic:  27.572486 dB
PSNR for TLcR:     29.427870 dB
SSIM for Bicubic:  0.855610 dB
SSIM for TLcR:     0.888847 dB

Processing  9_test.jpg
...............
PSNR for Bicubic:  27.249241 dB
PSNR for TLcR:     30.801256 dB
SSIM for Bicubic:  0.858182 dB
SSIM for TLcR:     0.909285 dB

Processing  10_test.jpg
...............
PSNR for Bicubic:  26.591971 dB
PSNR for TLcR:     30.376977 dB
SSIM for Bicubic:  0.839140 dB
SSIM for TLcR:     0.910782 dB
  Columns 1 through 10

   181   193   191   186   185   189   195   193   194   191
   187   192   195   193   195   195   195   196   193   195
   182   193   196   195   193   196   195   195   195   194
   188   194   196   195   191   196   193   195   189   196
   181   194   195   195   194   191   196   196   194   197
   189   195   195   195   194   195   195   195   195   196
   189   193   196   195   196   196   196   195   195   195
   185   192   196   196   196   197   196   196   196   195
   193   193   197   196   197   197   195   196   196   195
   194   190   196   196   195   195   196   196   195   196
   194   193   196   196   195   193   196   196   196   196
   191   192   195   196   196   194   195   196   196   195
   191   193   196   195   196   195   196   196   195   194
   194   193   196   194   189   196   195   196   196   195
   185   196   188   193   192   192   194   194   196   196

  Columns 11 through 12

   191   172
   195   185
   196   184
   196   187
   195   174
   196   192
   196   191
   189   194
   196   193
   195   188
   196   192
   193   185
   196   189
   195   193
   194   186

===============================================
Average PSNR for Bicubic:  27.027912 dB
Average PSNR for TLcR:     30.303650 dB
Average SSIM for Bicubic:  0.845698 dB
Average SSIM for TLcR:     0.901118 dB
===============================================