Columns 1 through 5

       16877       19916       18479       19559       20561
       18713       20975       21517       21612       21749
       18671       21432       21167       21267       21685
       19473       21464       21196       21201       21373
       20875       20951       22056       22154       22064
       20398       22296       22256       22347       22302
       20944       22377       22401       22381       22394
       21006       22405       22342       22409       22369
       21347       22210       22387       22400       22301
       21502       21629       22398       22419       22414
       21028       21692       22397       22401       22363
       20985       21957       22350       22291       22399
       21404       21465       22249       22299       22350
       21657       22260       21748       22275       22380
       20023       21923       21642       21884       22213

  Columns 6 through 10

       20502       20918       19973       20672       19630
       21545       21875       22003       21788       21987
       21931       21790       21142       21393       21888
       22199       21332       21028       20932       21393
       21637       21963       21922       21943       22092
       21857       21873       22277       22187       22327
       22288       22157       22420       22411       22417
       22318       22387       22267       22399       22371
       22368       22406       22265       22427       22400
       22310       22320       22407       22415       22367
       22371       22378       22371       22419       22055
       22369       22366       22411       22363       22012
       22267       22256       22376       22412       21568
       22049       22391       22358       22316       21835
       22185       22423       22309       21847       21636

  Columns 11 through 12

       20804       17755
       21824       20072
       21915       19219
       21929       19225
       22299       19589
       22220       20316
       22384       20929
       22199       21514
       22163       21856
       22306       21564
       22255       20655
       21989       21084
       21970       21241
       22150       21063
       21710       19301

  Columns 1 through 10

   338   398   370   391   411   410   418   399   413   393
   374   420   430   432   435   431   438   440   436   440
   373   429   423   425   434   439   436   423   428   438
   389   429   424   424   427   444   427   421   419   428
   418   419   441   443   441   433   439   438   439   442
   408   446   445   447   446   437   437   446   444   447
   419   448   448   448   448   446   443   448   448   448
   420   448   447   448   447   446   448   445   448   447
   427   444   448   448   446   447   448   445   449   448
   430   433   448   448   448   446   446   448   448   447
   421   434   448   448   447   447   448   447   448   441
   420   439   447   446   448   447   447   448   447   440
   428   429   445   446   447   445   445   448   448   431
   433   445   435   446   448   441   448   447   446   437
   400   438   433   438   444   444   448   446   437   433

  Columns 11 through 12

   416   355
   436   401
   438   384
   439   385
   446   392
   444   406
   448   419
   444   430
   443   437
   446   431
   445   413
   440   422
   439   425
   443   421
   434   386


K map made, now testing begins

Processing  1_test.jpg
...............
PSNR for Bicubic:  26.238716 dB
PSNR for TLcR:     31.123286 dB
SSIM for Bicubic:  0.838146 dB
SSIM for TLcR:     0.918706 dB

Processing  2_test.jpg
...............
PSNR for Bicubic:  26.630197 dB
PSNR for TLcR:     31.100190 dB
SSIM for Bicubic:  0.835931 dB
SSIM for TLcR:     0.911998 dB

Processing  3_test.jpg
...............
PSNR for Bicubic:  28.370543 dB
PSNR for TLcR:     33.862529 dB
SSIM for Bicubic:  0.846163 dB
SSIM for TLcR:     0.927916 dB

Processing  4_test.jpg
...............
PSNR for Bicubic:  28.538243 dB
PSNR for TLcR:     33.536447 dB
SSIM for Bicubic:  0.837492 dB
SSIM for TLcR:     0.916578 dB

Processing  5_test.jpg
...............
PSNR for Bicubic:  25.557167 dB
PSNR for TLcR:     30.494764 dB
SSIM for Bicubic:  0.845783 dB
SSIM for TLcR:     0.927462 dB
  Columns 1 through 10

   338   398   370   391   411   410   418   399   413   393
   374   420   430   432   435   431   438   440   436   440
   373   429   423   425   434   439   436   423   428   438
   389   429   424   424   427   444   427   421   419   428
   418   419   441   443   441   433   439   438   439   442
   408   446   445   447   446   437   437   446   444   447
   419   448   448   448   448   446   443   448   448   448
   420   448   447   448   447   446   448   445   448   447
   427   444   448   448   446   447   448   445   449   448
   430   433   448   448   448   446   446   448   448   447
   421   434   448   448   447   447   448   447   448   441
   420   439   447   446   448   447   447   448   447   440
   428   429   445   446   447   445   445   448   448   431
   433   445   435   446   448   441   448   447   446   437
   400   438   433   438   444   444   448   446   437   433

  Columns 11 through 12

   416   355
   436   401
   438   384
   439   385
   446   392
   444   406
   448   419
   444   430
   443   437
   446   431
   445   413
   440   422
   439   425
   443   421
   434   386

===============================================
Average PSNR for Bicubic:  27.066973 dB
Average PSNR for TLcR:     32.023443 dB
Average SSIM for Bicubic:  0.840703 dB
Average SSIM for TLcR:     0.920532 dB
===============================================
>> 